ID_PRECIO|ID_ITEM|TIPO_TARIFA|PRECIO_PUBLICO|COSTO_PROVEEDOR|ID_PROV
1|1|ESTANDAR|550.0|500.0|1
2|2|ESTANDAR|1200.0|1150.0|2
3|3|ESTANDAR|550.0|500.0|3
4|4|ESTANDAR|550.0|500.0|4
5|5|ESTANDAR|750.0|700.0|5
6|6|ESTANDAR|750.0|700.0|6
7|7|ESTANDAR|750.0|700.0|7
8|8|ESTANDAR|550.0|500.0|8
9|9|ESTANDAR|800.0|700.0|9
10|10|ESTANDAR|800.0|700.0|10
11|11|ESTANDAR|350.0|300.0|11
12|12|ESTANDAR|550.0|500.0|1
13|13|ESTANDAR|550.0|500.0|12
14|14|ESTANDAR|550.0|500.0|4
15|15|ESTANDAR|750.0|700.0|5
16|16|ESTANDAR|750.0|700.0|6
17|17|ESTANDAR|750.0|700.0|7
18|18|ESTANDAR|550.0|500.0|8
19|19|ESTANDAR|800.0|700.0|9
20|20|ESTANDAR|800.0|700.0|10
21|21|ESTANDAR|300.0|0.0|13
22|22|ESTANDAR|2500.0|0.0|13
23|23|ESTANDAR|300.0|0.0|13
24|24|ESTANDAR|650.0|0.0|13
25|25|ESTANDAR|70.0|0.0|13
26|26|ESTANDAR|200.0|0.0|13
27|27|ESTANDAR|250.0|0.0|13
28|28|ESTANDAR|2000.0|0.0|13
29|29|ESTANDAR|1500.0|0.0|13
30|30|ESTANDAR|250.0|0.0|13
31|31|ESTANDAR|1000.0|0.0|13
32|32|ESTANDAR|100.0|0.0|13
33|33|ESTANDAR|300.0|0.0|13
34|34|ESTANDAR|770.0|0.0|13
35|35|ESTANDAR|300.0|0.0|13
36|36|ESTANDAR|350.0|0.0|13
37|37|ESTANDAR|250.0|0.0|13
38|38|ESTANDAR|1800.0|0.0|13
39|39|ESTANDAR|3500.0|0.0|13
40|40|ESTANDAR|750.0|0.0|13
41|41|ESTANDAR|800.0|0.0|13
42|42|ESTANDAR|1250.0|0.0|13
43|43|ESTANDAR|1200.0|0.0|13
44|44|ESTANDAR|100.0|0.0|13
45|45|ESTANDAR|100.0|0.0|13
46|46|ESTANDAR|120.0|0.0|13
47|47|ESTANDAR|300.0|0.0|13
48|48|ESTANDAR|600.0|0.0|13
49|49|ESTANDAR|875.0|0.0|13
50|50|ESTANDAR|1210.0|0.0|13
51|51|ESTANDAR|300.0|0.0|13
52|52|ESTANDAR|55.0|0.0|13
53|53|ESTANDAR|50.0|0.0|13
54|54|ESTANDAR|100.0|0.0|13
55|55|ESTANDAR|1600.0|0.0|13
56|56|ESTANDAR|300.0|0.0|13
57|57|ESTANDAR|350.0|0.0|13
58|58|ESTANDAR|500.0|0.0|13
59|59|ESTANDAR|2500.0|0.0|13
60|60|ESTANDAR|100.0|0.0|13
61|61|ESTANDAR|80.0|0.0|13
62|62|ESTANDAR|80.0|0.0|13
63|63|ESTANDAR|1500.0|0.0|13
64|64|ESTANDAR|15.0|0.0|13
65|65|ESTANDAR|25.0|0.0|13
66|66|ESTANDAR|2000.0|0.0|13
67|67|ESTANDAR|1200.0|0.0|13
68|68|ESTANDAR|1600.0|0.0|13
69|69|ESTANDAR|100.0|0.0|13
70|70|ESTANDAR|1500.0|0.0|13
71|71|ESTANDAR|500.0|0.0|13
72|72|ESTANDAR|50.0|0.0|13
73|73|ESTANDAR|600.0|0.0|13
74|74|ESTANDAR|150.0|0.0|13
75|75|ESTANDAR|1500.0|0.0|13
76|76|ESTANDAR|35.0|0.0|13
77|77|ESTANDAR|800.0|0.0|13
78|78|ESTANDAR|600.0|0.0|13
79|79|ESTANDAR|600.0|0.0|13
80|80|ESTANDAR|900.0|0.0|13
81|81|ESTANDAR|330.0|0.0|13
82|82|LUNES_A_SABADO|470.96|0|14
83|82|DOMINGOS_Y_FESTIVOS|941.92|0|14
84|83|LUNES_A_SABADO|672.8|0|14
85|83|DOMINGOS_Y_FESTIVOS|1345.6|0|14
86|84|LUNES_A_SABADO|672.8|0|14
87|84|DOMINGOS_Y_FESTIVOS|1345.6|0|14
88|85|LUNES_A_SABADO|336.4|0|14
89|85|DOMINGOS_Y_FESTIVOS|672.8|0|14
90|86|LUNES_A_SABADO|551.7|0|14
91|86|DOMINGOS_Y_FESTIVOS|1103.4|0|14
92|87|LUNES_A_SABADO|551.7|0|14
93|87|DOMINGOS_Y_FESTIVOS|1103.4|0|14
94|88|LUNES_A_SABADO|538.24|0|14
95|88|DOMINGOS_Y_FESTIVOS|1076.48|0|14
96|89|LUNES_A_SABADO|538.24|0|14
97|89|DOMINGOS_Y_FESTIVOS|1076.48|0|14
98|90|LUNES_A_SABADO|282.58|0|14
99|90|DOMINGOS_Y_FESTIVOS|565.16|0|14
100|91|LUNES_A_SABADO|107.65|0|14
101|91|DOMINGOS_Y_FESTIVOS|215.3|0|14
102|92|LUNES_A_SABADO|107.65|0|14
103|92|DOMINGOS_Y_FESTIVOS|215.3|0|14
104|93|LUNES_A_SABADO|444.05|0|14
105|93|DOMINGOS_Y_FESTIVOS|888.1|0|14
106|94|LUNES_A_SABADO|551.7|0|14
107|94|DOMINGOS_Y_FESTIVOS|1103.4|0|14
108|95|LUNES_A_SABADO|161.47|0|14
109|95|DOMINGOS_Y_FESTIVOS|322.94|0|14
110|96|LUNES_A_SABADO|403.68|0|14
111|96|DOMINGOS_Y_FESTIVOS|807.36|0|14
112|97|LUNES_A_SABADO|134.56|0|14
113|97|DOMINGOS_Y_FESTIVOS|269.12|0|14
114|98|LUNES_A_SABADO|201.84|0|14
115|98|DOMINGOS_Y_FESTIVOS|403.68|0|14
116|99|LUNES_A_SABADO|282.58|0|14
117|99|DOMINGOS_Y_FESTIVOS|565.16|0|14
118|100|LUNES_A_SABADO|1103.39|0|14
119|100|DOMINGOS_Y_FESTIVOS|2206.78|0|14
120|101|LUNES_A_SABADO|336.4|0|14
121|101|DOMINGOS_Y_FESTIVOS|672.8|0|14
122|102|LUNES_A_SABADO|444.05|0|14
123|102|DOMINGOS_Y_FESTIVOS|888.1|0|14
124|103|LUNES_A_SABADO|201.84|0|14
125|103|DOMINGOS_Y_FESTIVOS|403.68|0|14
126|104|LUNES_A_SABADO|201.84|0|14
127|104|DOMINGOS_Y_FESTIVOS|403.68|0|14
128|105|LUNES_A_SABADO|444.05|0|14
129|105|DOMINGOS_Y_FESTIVOS|888.1|0|14
130|106|LUNES_A_SABADO|282.58|0|14
131|106|DOMINGOS_Y_FESTIVOS|565.16|0|14
132|107|LUNES_A_SABADO|282.58|0|14
133|107|DOMINGOS_Y_FESTIVOS|565.16|0|14
134|108|LUNES_A_SABADO|269.12|0|14
135|108|DOMINGOS_Y_FESTIVOS|538.24|0|14
136|109|LUNES_A_SABADO|202.0|0|14
137|109|DOMINGOS_Y_FESTIVOS|404.0|0|14
138|110|LUNES_A_SABADO|888.1|0|14
139|110|DOMINGOS_Y_FESTIVOS|1776.2|0|14
140|111|LUNES_A_SABADO|1345.6|0|14
141|111|DOMINGOS_Y_FESTIVOS|2691.2|0|14
142|112|LUNES_A_SABADO|1762.74|0|14
143|112|DOMINGOS_Y_FESTIVOS|3525.48|0|14
144|113|LUNES_A_SABADO|282.58|0|14
145|113|DOMINGOS_Y_FESTIVOS|565.16|0|14
146|114|LUNES_A_SABADO|718.01|0|14
147|114|DOMINGOS_Y_FESTIVOS|1436.02|0|14
148|115|LUNES_A_SABADO|618.98|0|14
149|115|DOMINGOS_Y_FESTIVOS|1237.96|0|14
150|116|LUNES_A_SABADO|618.98|0|14
151|116|DOMINGOS_Y_FESTIVOS|1237.96|0|14
152|117|LUNES_A_SABADO|1103.39|0|14
153|117|DOMINGOS_Y_FESTIVOS|2206.78|0|14
154|118|LUNES_A_SABADO|1103.39|0|14
155|118|DOMINGOS_Y_FESTIVOS|2206.78|0|14
156|119|LUNES_A_SABADO|134.56|0|14
157|119|DOMINGOS_Y_FESTIVOS|269.12|0|14
158|120|LUNES_A_SABADO|134.56|0|14
159|120|DOMINGOS_Y_FESTIVOS|269.12|0|14
160|121|LUNES_A_SABADO|497.87|0|14
161|121|DOMINGOS_Y_FESTIVOS|995.74|0|14
162|122|LUNES_A_SABADO|444.05|0|14
163|122|DOMINGOS_Y_FESTIVOS|888.1|0|14
164|123|LUNES_A_SABADO|6620.35|0|14
165|123|DOMINGOS_Y_FESTIVOS|13240.7|0|14
166|124|LUNES_A_SABADO|5516.96|0|14
167|124|DOMINGOS_Y_FESTIVOS|11033.92|0|14
168|125|LUNES_A_SABADO|6620.35|0|14
169|125|DOMINGOS_Y_FESTIVOS|13240.7|0|14
170|126|LUNES_A_SABADO|336.4|0|14
171|126|DOMINGOS_Y_FESTIVOS|672.8|0|14
172|127|LUNES_A_SABADO|1547.44|0|14
173|127|DOMINGOS_Y_FESTIVOS|3094.88|0|14
174|128|LUNES_A_SABADO|497.87|0|14
175|128|DOMINGOS_Y_FESTIVOS|995.74|0|14
176|129|LUNES_A_SABADO|834.27|0|14
177|129|DOMINGOS_Y_FESTIVOS|1668.54|0|14
178|130|LUNES_A_SABADO|834.27|0|14
179|130|DOMINGOS_Y_FESTIVOS|1668.54|0|14
180|131|LUNES_A_SABADO|2220.24|0|14
181|131|DOMINGOS_Y_FESTIVOS|4440.48|0|14
182|132|LUNES_A_SABADO|1682.0|0|14
183|132|DOMINGOS_Y_FESTIVOS|3364.0|0|14
184|133|LUNES_A_SABADO|780.45|0|14
185|133|DOMINGOS_Y_FESTIVOS|1560.9|0|14
186|134|LUNES_A_SABADO|888.1|0|14
187|134|DOMINGOS_Y_FESTIVOS|1776.2|0|14
188|135|LUNES_A_SABADO|834.27|0|14
189|135|DOMINGOS_Y_FESTIVOS|1668.54|0|14
190|136|LUNES_A_SABADO|834.27|0|14
191|136|DOMINGOS_Y_FESTIVOS|1668.54|0|14
192|137|LUNES_A_SABADO|1682.0|0|14
193|137|DOMINGOS_Y_FESTIVOS|3364.0|0|14
194|138|LUNES_A_SABADO|134.56|0|14
195|138|DOMINGOS_Y_FESTIVOS|269.12|0|14
196|139|LUNES_A_SABADO|134.56|0|14
197|139|DOMINGOS_Y_FESTIVOS|269.12|0|14
198|140|LUNES_A_SABADO|134.56|0|14
199|140|DOMINGOS_Y_FESTIVOS|269.12|0|14
200|141|LUNES_A_SABADO|94.19|0|14
201|141|DOMINGOS_Y_FESTIVOS|188.38|0|14
202|142|LUNES_A_SABADO|134.56|0|14
203|142|DOMINGOS_Y_FESTIVOS|269.12|0|14
204|143|LUNES_A_SABADO|336.4|0|14
205|143|DOMINGOS_Y_FESTIVOS|672.8|0|14
206|144|LUNES_A_SABADO|336.4|0|14
207|144|DOMINGOS_Y_FESTIVOS|672.8|0|14
208|145|LUNES_A_SABADO|336.4|0|14
209|145|DOMINGOS_Y_FESTIVOS|672.8|0|14
210|146|LUNES_A_SABADO|121.1|0|14
211|146|DOMINGOS_Y_FESTIVOS|242.2|0|14
212|147|LUNES_A_SABADO|2045.31|0|14
213|147|DOMINGOS_Y_FESTIVOS|4090.62|0|14
214|148|LUNES_A_SABADO|282.58|0|14
215|148|DOMINGOS_Y_FESTIVOS|565.16|0|14
216|149|LUNES_A_SABADO|134.56|0|14
217|149|DOMINGOS_Y_FESTIVOS|269.12|0|14
218|150|LUNES_A_SABADO|228.75|0|14
219|150|DOMINGOS_Y_FESTIVOS|457.5|0|14
220|151|LUNES_A_SABADO|336.4|0|14
221|151|DOMINGOS_Y_FESTIVOS|672.8|0|14
222|152|LUNES_A_SABADO|282.58|0|14
223|152|DOMINGOS_Y_FESTIVOS|565.16|0|14
224|153|LUNES_A_SABADO|201.84|0|14
225|153|DOMINGOS_Y_FESTIVOS|403.68|0|14
226|154|LUNES_A_SABADO|201.84|0|14
227|154|DOMINGOS_Y_FESTIVOS|403.68|0|14
228|155|LUNES_A_SABADO|165.0|0|14
229|155|DOMINGOS_Y_FESTIVOS|330.0|0|14
230|156|LUNES_A_SABADO|94.19|0|14
231|156|DOMINGOS_Y_FESTIVOS|188.38|0|14
232|157|LUNES_A_SABADO|134.56|0|14
233|157|DOMINGOS_Y_FESTIVOS|269.12|0|14
234|158|LUNES_A_SABADO|282.58|0|14
235|158|DOMINGOS_Y_FESTIVOS|565.16|0|14
236|159|LUNES_A_SABADO|618.98|0|14
237|159|DOMINGOS_Y_FESTIVOS|1237.96|0|14
238|160|LUNES_A_SABADO|363.31|0|14
239|160|DOMINGOS_Y_FESTIVOS|726.62|0|14
240|161|LUNES_A_SABADO|363.31|0|14
241|161|DOMINGOS_Y_FESTIVOS|726.62|0|14
242|162|LUNES_A_SABADO|363.31|0|14
243|162|DOMINGOS_Y_FESTIVOS|726.62|0|14
244|163|LUNES_A_SABADO|363.31|0|14
245|163|DOMINGOS_Y_FESTIVOS|726.62|0|14
246|164|LUNES_A_SABADO|363.31|0|14
247|164|DOMINGOS_Y_FESTIVOS|726.62|0|14
248|165|LUNES_A_SABADO|363.31|0|14
249|165|DOMINGOS_Y_FESTIVOS|726.62|0|14
250|166|LUNES_A_SABADO|364.0|0|14
251|166|DOMINGOS_Y_FESTIVOS|728.0|0|14
252|167|LUNES_A_SABADO|363.31|0|14
253|167|DOMINGOS_Y_FESTIVOS|726.62|0|14
254|168|LUNES_A_SABADO|363.31|0|14
255|168|DOMINGOS_Y_FESTIVOS|726.62|0|14
256|169|LUNES_A_SABADO|363.31|0|14
257|169|DOMINGOS_Y_FESTIVOS|726.62|0|14
258|170|LUNES_A_SABADO|390.22|0|14
259|170|DOMINGOS_Y_FESTIVOS|780.44|0|14
260|171|LUNES_A_SABADO|390.22|0|14
261|171|DOMINGOS_Y_FESTIVOS|780.44|0|14
262|172|LUNES_A_SABADO|228.75|0|14
263|172|DOMINGOS_Y_FESTIVOS|457.5|0|14
264|173|LUNES_A_SABADO|336.4|0|14
265|173|DOMINGOS_Y_FESTIVOS|672.8|0|14
266|174|LUNES_A_SABADO|1991.49|0|14
267|174|DOMINGOS_Y_FESTIVOS|3982.98|0|14
268|175|LUNES_A_SABADO|3310.18|0|14
269|175|DOMINGOS_Y_FESTIVOS|6620.36|0|14
270|176|LUNES_A_SABADO|618.98|0|14
271|176|DOMINGOS_Y_FESTIVOS|1237.96|0|14
272|177|LUNES_A_SABADO|390.22|0|14
273|177|DOMINGOS_Y_FESTIVOS|780.44|0|14
274|178|LUNES_A_SABADO|484.42|0|14
275|178|DOMINGOS_Y_FESTIVOS|968.84|0|14
276|179|LUNES_A_SABADO|551.7|0|14
277|179|DOMINGOS_Y_FESTIVOS|1103.4|0|14
278|180|LUNES_A_SABADO|646.0|0|14
279|180|DOMINGOS_Y_FESTIVOS|1292.0|0|14
280|181|LUNES_A_SABADO|331.0|0|14
281|181|DOMINGOS_Y_FESTIVOS|662.0|0|14
282|182|LUNES_A_SABADO|201.84|0|14
283|182|DOMINGOS_Y_FESTIVOS|403.68|0|14
284|183|LUNES_A_SABADO|390.22|0|14
285|183|DOMINGOS_Y_FESTIVOS|780.44|0|14
286|184|LUNES_A_SABADO|282.58|0|14
287|184|DOMINGOS_Y_FESTIVOS|565.16|0|14
288|185|LUNES_A_SABADO|107.65|0|14
289|185|DOMINGOS_Y_FESTIVOS|215.3|0|14
290|186|LUNES_A_SABADO|201.84|0|14
291|186|DOMINGOS_Y_FESTIVOS|403.68|0|14
292|187|LUNES_A_SABADO|336.4|0|14
293|187|DOMINGOS_Y_FESTIVOS|672.8|0|14
294|188|LUNES_A_SABADO|134.56|0|14
295|188|DOMINGOS_Y_FESTIVOS|269.12|0|14
296|189|LUNES_A_SABADO|134.56|0|14
297|189|DOMINGOS_Y_FESTIVOS|269.12|0|14
298|190|LUNES_A_SABADO|134.56|0|14
299|190|DOMINGOS_Y_FESTIVOS|269.12|0|14
300|191|LUNES_A_SABADO|134.56|0|14
301|191|DOMINGOS_Y_FESTIVOS|269.12|0|14
302|192|LUNES_A_SABADO|134.56|0|14
303|192|DOMINGOS_Y_FESTIVOS|269.12|0|14
304|193|LUNES_A_SABADO|1951.12|0|14
305|193|DOMINGOS_Y_FESTIVOS|3902.24|0|14
306|194|LUNES_A_SABADO|1951.12|0|14
307|194|DOMINGOS_Y_FESTIVOS|3902.24|0|14
308|195|LUNES_A_SABADO|94.19|0|14
309|195|DOMINGOS_Y_FESTIVOS|188.38|0|14
310|196|LUNES_A_SABADO|201.84|0|14
311|196|DOMINGOS_Y_FESTIVOS|403.68|0|14
312|197|LUNES_A_SABADO|94.19|0|14
313|197|DOMINGOS_Y_FESTIVOS|188.38|0|14
314|198|LUNES_A_SABADO|67.28|0|14
315|198|DOMINGOS_Y_FESTIVOS|134.56|0|14
316|199|LUNES_A_SABADO|551.7|0|14
317|199|DOMINGOS_Y_FESTIVOS|1103.4|0|14
318|200|LUNES_A_SABADO|336.4|0|14
319|200|DOMINGOS_Y_FESTIVOS|672.8|0|14
320|201|LUNES_A_SABADO|201.84|0|14
321|201|DOMINGOS_Y_FESTIVOS|403.68|0|14
322|202|LUNES_A_SABADO|309.49|0|14
323|202|DOMINGOS_Y_FESTIVOS|618.98|0|14
324|203|LUNES_A_SABADO|309.49|0|14
325|203|DOMINGOS_Y_FESTIVOS|618.98|0|14
326|204|LUNES_A_SABADO|309.49|0|14
327|204|DOMINGOS_Y_FESTIVOS|618.98|0|14
328|205|LUNES_A_SABADO|336.4|0|14
329|205|DOMINGOS_Y_FESTIVOS|672.8|0|14
330|206|LUNES_A_SABADO|390.22|0|14
331|206|DOMINGOS_Y_FESTIVOS|780.44|0|14
332|207|LUNES_A_SABADO|336.4|0|14
333|207|DOMINGOS_Y_FESTIVOS|672.8|0|14
334|208|LUNES_A_SABADO|201.84|0|14
335|208|DOMINGOS_Y_FESTIVOS|403.68|0|14
336|209|LUNES_A_SABADO|390.22|0|14
337|209|DOMINGOS_Y_FESTIVOS|780.44|0|14
338|210|LUNES_A_SABADO|336.4|0|14
339|210|DOMINGOS_Y_FESTIVOS|672.8|0|14
340|211|LUNES_A_SABADO|134.56|0|14
341|211|DOMINGOS_Y_FESTIVOS|269.12|0|14
342|212|LUNES_A_SABADO|390.22|0|14
343|212|DOMINGOS_Y_FESTIVOS|780.44|0|14
344|213|LUNES_A_SABADO|645.89|0|14
345|213|DOMINGOS_Y_FESTIVOS|1291.78|0|14
346|214|LUNES_A_SABADO|1547.44|0|14
347|214|DOMINGOS_Y_FESTIVOS|3094.88|0|14
348|215|LUNES_A_SABADO|94.19|0|14
349|215|DOMINGOS_Y_FESTIVOS|188.38|0|14
350|216|LUNES_A_SABADO|444.05|0|14
351|216|DOMINGOS_Y_FESTIVOS|888.1|0|14
352|217|LUNES_A_SABADO|282.58|0|14
353|217|DOMINGOS_Y_FESTIVOS|565.16|0|14
354|218|LUNES_A_SABADO|1224.5|0|14
355|218|DOMINGOS_Y_FESTIVOS|2449.0|0|14
356|219|LUNES_A_SABADO|551.7|0|14
357|219|DOMINGOS_Y_FESTIVOS|1103.4|0|14
358|220|LUNES_A_SABADO|618.98|0|14
359|220|DOMINGOS_Y_FESTIVOS|1237.96|0|14
360|221|LUNES_A_SABADO|252.0|0|14
361|221|DOMINGOS_Y_FESTIVOS|504.0|0|14
362|222|LUNES_A_SABADO|780.0|0|14
363|222|DOMINGOS_Y_FESTIVOS|1560.0|0|14
364|223|LUNES_A_SABADO|550.0|0|14
365|223|DOMINGOS_Y_FESTIVOS|1100.0|0|14
366|224|LUNES_A_SABADO|275.0|0|14
367|224|DOMINGOS_Y_FESTIVOS|550.0|0|14
368|225|LUNES_A_SABADO|67.0|0|14
369|225|DOMINGOS_Y_FESTIVOS|134.0|0|14
370|226|LUNES_A_SABADO|771.0|0|14
371|226|DOMINGOS_Y_FESTIVOS|1542.0|0|14
372|227|LUNES_A_SABADO|618.98|0|14
373|227|DOMINGOS_Y_FESTIVOS|1237.96|0|14
374|228|LUNES_A_SABADO|1883.84|0|14
375|228|DOMINGOS_Y_FESTIVOS|3767.68|0|14
376|229|LUNES_A_SABADO|390.22|0|14
377|229|DOMINGOS_Y_FESTIVOS|780.44|0|14
378|230|LUNES_A_SABADO|580.0|0|14
379|230|DOMINGOS_Y_FESTIVOS|1160.0|0|14
380|231|LUNES_A_SABADO|1655.0|0|14
381|231|DOMINGOS_Y_FESTIVOS|3310.0|0|14
382|232|LUNES_A_SABADO|1224.5|0|14
383|232|DOMINGOS_Y_FESTIVOS|2449.0|0|14
384|233|LUNES_A_SABADO|390.0|0|14
385|233|DOMINGOS_Y_FESTIVOS|780.0|0|14
386|234|LUNES_A_SABADO|390.0|0|14
387|234|DOMINGOS_Y_FESTIVOS|780.0|0|14
388|235|LUNES_A_SABADO|780.0|0|14
389|235|DOMINGOS_Y_FESTIVOS|1560.0|0|14
390|236|LUNES_A_SABADO|834.0|0|14
391|236|DOMINGOS_Y_FESTIVOS|1668.0|0|14
392|237|LUNES_A_SABADO|781.0|0|14
393|237|DOMINGOS_Y_FESTIVOS|1562.0|0|14
394|238|LUNES_A_SABADO|497.87|0|14
395|238|DOMINGOS_Y_FESTIVOS|995.74|0|14
396|239|LUNES_A_SABADO|1762.74|0|14
397|239|DOMINGOS_Y_FESTIVOS|3525.48|0|14
398|240|LUNES_A_SABADO|834.27|0|14
399|240|DOMINGOS_Y_FESTIVOS|1668.54|0|14
400|241|LUNES_A_SABADO|780.45|0|14
401|241|DOMINGOS_Y_FESTIVOS|1560.9|0|14
402|242|LUNES_A_SABADO|444.05|0|14
403|242|DOMINGOS_Y_FESTIVOS|888.1|0|14
404|243|LUNES_A_SABADO|578.61|0|14
405|243|DOMINGOS_Y_FESTIVOS|1157.22|0|14
406|244|LUNES_A_SABADO|780.45|0|14
407|244|DOMINGOS_Y_FESTIVOS|1560.9|0|14
408|245|LUNES_A_SABADO|618.98|0|14
409|245|DOMINGOS_Y_FESTIVOS|1237.96|0|14
410|246|LUNES_A_SABADO|780.45|0|14
411|246|DOMINGOS_Y_FESTIVOS|1560.9|0|14
412|247|LUNES_A_SABADO|780.45|0|14
413|247|DOMINGOS_Y_FESTIVOS|1560.9|0|14
414|248|LUNES_A_SABADO|1009.2|0|14
415|248|DOMINGOS_Y_FESTIVOS|2018.4|0|14
416|249|LUNES_A_SABADO|1157.22|0|14
417|249|DOMINGOS_Y_FESTIVOS|2314.44|0|14
418|250|LUNES_A_SABADO|1103.39|0|14
419|250|DOMINGOS_Y_FESTIVOS|2206.78|0|14
420|251|LUNES_A_SABADO|672.8|0|14
421|251|DOMINGOS_Y_FESTIVOS|1345.6|0|14
422|252|LUNES_A_SABADO|134.56|0|14
423|252|DOMINGOS_Y_FESTIVOS|269.12|0|14
424|253|LUNES_A_SABADO|618.98|0|14
425|253|DOMINGOS_Y_FESTIVOS|1237.96|0|14
426|254|LUNES_A_SABADO|252.0|0|14
427|254|DOMINGOS_Y_FESTIVOS|504.0|0|14
428|255|LUNES_A_SABADO|201.84|0|14
429|255|DOMINGOS_Y_FESTIVOS|403.68|0|14
430|256|LUNES_A_SABADO|134.56|0|14
431|256|DOMINGOS_Y_FESTIVOS|269.12|0|14
432|257|LUNES_A_SABADO|148.02|0|14
433|257|DOMINGOS_Y_FESTIVOS|296.04|0|14
434|258|LUNES_A_SABADO|12137.31|0|14
435|258|DOMINGOS_Y_FESTIVOS|24274.62|0|14
436|259|LUNES_A_SABADO|12137.31|0|14
437|259|DOMINGOS_Y_FESTIVOS|24274.62|0|14
438|260|LUNES_A_SABADO|134.56|0|14
439|260|DOMINGOS_Y_FESTIVOS|269.12|0|14
440|261|LUNES_A_SABADO|780.45|0|14
441|261|DOMINGOS_Y_FESTIVOS|1560.9|0|14
442|262|LUNES_A_SABADO|275.0|0|14
443|262|DOMINGOS_Y_FESTIVOS|550.0|0|14
444|263|LUNES_A_SABADO|201.84|0|14
445|263|DOMINGOS_Y_FESTIVOS|403.68|0|14
446|264|LUNES_A_SABADO|201.84|0|14
447|264|DOMINGOS_Y_FESTIVOS|403.68|0|14
448|265|LUNES_A_SABADO|269.12|0|14
449|265|DOMINGOS_Y_FESTIVOS|538.24|0|14
450|266|LUNES_A_SABADO|309.49|0|14
451|266|DOMINGOS_Y_FESTIVOS|618.98|0|14
452|267|LUNES_A_SABADO|309.49|0|14
453|267|DOMINGOS_Y_FESTIVOS|618.98|0|14
454|268|LUNES_A_SABADO|672.8|0|14
455|268|DOMINGOS_Y_FESTIVOS|1345.6|0|14
456|269|LUNES_A_SABADO|888.1|0|14
457|269|DOMINGOS_Y_FESTIVOS|1776.2|0|14
458|270|LUNES_A_SABADO|1224.5|0|14
459|270|DOMINGOS_Y_FESTIVOS|2449.0|0|14
460|271|LUNES_A_SABADO|1324.5|0|14
461|271|DOMINGOS_Y_FESTIVOS|2649.0|0|14
462|272|LUNES_A_SABADO|1412.88|0|14
463|272|DOMINGOS_Y_FESTIVOS|2825.76|0|14
464|273|LUNES_A_SABADO|1377.5|0|14
465|273|DOMINGOS_Y_FESTIVOS|2755.0|0|14
466|274|LUNES_A_SABADO|201.84|0|14
467|274|DOMINGOS_Y_FESTIVOS|403.68|0|14
468|275|LUNES_A_SABADO|134.56|0|14
469|275|DOMINGOS_Y_FESTIVOS|269.12|0|14
470|276|LUNES_A_SABADO|309.49|0|14
471|276|DOMINGOS_Y_FESTIVOS|618.98|0|14
472|277|LUNES_A_SABADO|201.84|0|14
473|277|DOMINGOS_Y_FESTIVOS|403.68|0|14
474|278|LUNES_A_SABADO|201.84|0|14
475|278|DOMINGOS_Y_FESTIVOS|403.68|0|14
476|279|LUNES_A_SABADO|134.56|0|14
477|279|DOMINGOS_Y_FESTIVOS|269.12|0|14
478|280|LUNES_A_SABADO|888.1|0|14
479|280|DOMINGOS_Y_FESTIVOS|1776.2|0|14
480|281|LUNES_A_SABADO|403.68|0|14
481|281|DOMINGOS_Y_FESTIVOS|807.36|0|14
482|282|LUNES_A_SABADO|336.4|0|14
483|282|DOMINGOS_Y_FESTIVOS|672.8|0|14
484|283|LUNES_A_SABADO|134.56|0|14
485|283|DOMINGOS_Y_FESTIVOS|269.12|0|14
486|284|LUNES_A_SABADO|336.4|0|14
487|284|DOMINGOS_Y_FESTIVOS|672.8|0|14
488|285|LUNES_A_SABADO|134.56|0|14
489|285|DOMINGOS_Y_FESTIVOS|269.12|0|14
490|286|LUNES_A_SABADO|264.0|0|14
491|286|DOMINGOS_Y_FESTIVOS|528.0|0|14
492|287|LUNES_A_SABADO|201.84|0|14
493|287|DOMINGOS_Y_FESTIVOS|403.68|0|14
494|288|LUNES_A_SABADO|134.56|0|14
495|288|DOMINGOS_Y_FESTIVOS|269.12|0|14
496|289|LUNES_A_SABADO|269.12|0|14
497|289|DOMINGOS_Y_FESTIVOS|538.24|0|14
498|290|LUNES_A_SABADO|134.56|0|14
499|290|DOMINGOS_Y_FESTIVOS|269.12|0|14
500|291|LUNES_A_SABADO|632.43|0|14
501|291|DOMINGOS_Y_FESTIVOS|1264.86|0|14
502|292|LUNES_A_SABADO|1022.66|0|14
503|292|DOMINGOS_Y_FESTIVOS|2045.32|0|14
504|293|LUNES_A_SABADO|174.93|0|14
505|293|DOMINGOS_Y_FESTIVOS|349.86|0|14
506|294|LUNES_A_SABADO|94.19|0|14
507|294|DOMINGOS_Y_FESTIVOS|188.38|0|14
508|295|LUNES_A_SABADO|134.56|0|14
509|295|DOMINGOS_Y_FESTIVOS|269.12|0|14
510|296|LUNES_A_SABADO|134.56|0|14
511|296|DOMINGOS_Y_FESTIVOS|269.12|0|14
512|297|LUNES_A_SABADO|618.98|0|14
513|297|DOMINGOS_Y_FESTIVOS|1237.96|0|14
514|298|LUNES_A_SABADO|444.05|0|14
515|298|DOMINGOS_Y_FESTIVOS|888.1|0|14
516|299|LUNES_A_SABADO|134.56|0|14
517|299|DOMINGOS_Y_FESTIVOS|269.12|0|14
518|300|LUNES_A_SABADO|2758.48|0|14
519|300|DOMINGOS_Y_FESTIVOS|5516.96|0|14
520|301|LUNES_A_SABADO|2758.48|0|14
521|301|DOMINGOS_Y_FESTIVOS|5516.96|0|14
522|302|MATUTINO|520.0|400.0|15
523|302|NOCTURNO|585.0|450.0|15
524|302|FESTIVO|650.0|500.0|15
525|303|MATUTINO|715.0|550.0|15
526|303|NOCTURNO|780.0|600.0|15
527|303|FESTIVO|845.0|650.0|15
528|304|MATUTINO|715.0|550.0|15
529|304|NOCTURNO|780.0|600.0|15
530|304|FESTIVO|845.0|650.0|15
531|305|MATUTINO|390.0|300.0|15
532|305|NOCTURNO|455.0|350.0|15
533|305|FESTIVO|520.0|400.0|15
534|306|MATUTINO|650.0|500.0|15
535|306|NOCTURNO|715.0|550.0|15
536|306|FESTIVO|780.0|600.0|15
537|307|MATUTINO|455.0|350.0|15
538|307|NOCTURNO|520.0|400.0|15
539|307|FESTIVO|585.0|450.0|15
540|308|MATUTINO|455.0|350.0|15
541|308|NOCTURNO|520.0|400.0|15
542|308|FESTIVO|585.0|450.0|15
543|309|MATUTINO|715.0|550.0|15
544|309|NOCTURNO|780.0|600.0|15
545|309|FESTIVO|845.0|650.0|15
546|310|MATUTINO|975.0|750.0|15
547|310|NOCTURNO|1040.0|800.0|15
548|310|FESTIVO|1105.0|850.0|15
549|311|MATUTINO|390.0|300.0|15
550|311|NOCTURNO|455.0|350.0|15
551|311|FESTIVO|520.0|400.0|15
552|312|MATUTINO|650.0|500.0|15
553|312|NOCTURNO|715.0|550.0|15
554|312|FESTIVO|780.0|600.0|15
555|313|MATUTINO|845.0|650.0|15
556|313|NOCTURNO|910.0|700.0|15
557|313|FESTIVO|975.0|750.0|15
558|314|MATUTINO|390.0|300.0|15
559|314|NOCTURNO|455.0|350.0|15
560|314|FESTIVO|520.0|400.0|15
561|315|MATUTINO|455.0|350.0|15
562|315|NOCTURNO|520.0|400.0|15
563|315|FESTIVO|585.0|450.0|15
564|316|MATUTINO|455.0|350.0|15
565|316|NOCTURNO|520.0|400.0|15
566|316|FESTIVO|585.0|450.0|15
567|317|MATUTINO|715.0|550.0|15
568|317|NOCTURNO|780.0|600.0|15
569|317|FESTIVO|845.0|650.0|15
570|318|MATUTINO|715.0|550.0|15
571|318|NOCTURNO|780.0|600.0|15
572|318|FESTIVO|845.0|650.0|15
573|319|MATUTINO|715.0|550.0|15
574|319|NOCTURNO|780.0|600.0|15
575|319|FESTIVO|845.0|650.0|15
576|320|MATUTINO|1560.0|1200.0|15
577|320|NOCTURNO|1625.0|1250.0|15
578|320|FESTIVO|1690.0|1300.0|15
579|321|MATUTINO|1560.0|1200.0|15
580|321|NOCTURNO|1625.0|1250.0|15
581|321|FESTIVO|1690.0|1300.0|15
582|322|MATUTINO|1820.0|1400.0|15
583|322|NOCTURNO|1885.0|1450.0|15
584|322|FESTIVO|1950.0|1500.0|15
585|323|MATUTINO|455.0|350.0|15
586|323|NOCTURNO|520.0|400.0|15
587|323|FESTIVO|585.0|450.0|15
588|324|MATUTINO|455.0|350.0|15
589|324|NOCTURNO|520.0|400.0|15
590|324|FESTIVO|585.0|450.0|15
591|325|MATUTINO|715.0|550.0|15
592|325|NOCTURNO|780.0|600.0|15
593|325|FESTIVO|845.0|650.0|15
594|326|MATUTINO|715.0|550.0|15
595|326|NOCTURNO|780.0|600.0|15
596|326|FESTIVO|845.0|650.0|15
597|327|MATUTINO|715.0|550.0|15
598|327|NOCTURNO|780.0|600.0|15
599|327|FESTIVO|845.0|650.0|15
600|328|MATUTINO|1560.0|1200.0|15
601|328|NOCTURNO|1625.0|1250.0|15
602|328|FESTIVO|1690.0|1300.0|15
603|329|MATUTINO|1560.0|1200.0|15
604|329|NOCTURNO|1625.0|1250.0|15
605|329|FESTIVO|1690.0|1300.0|15
606|330|MATUTINO|1820.0|1400.0|15
607|330|NOCTURNO|1885.0|1450.0|15
608|330|FESTIVO|1950.0|1500.0|15
609|331|MATUTINO|455.0|350.0|15
610|331|NOCTURNO|520.0|400.0|15
611|331|FESTIVO|585.0|450.0|15
612|332|MATUTINO|715.0|550.0|15
613|332|NOCTURNO|780.0|600.0|15
614|332|FESTIVO|845.0|650.0|15
615|333|MATUTINO|455.0|350.0|15
616|333|NOCTURNO|520.0|400.0|15
617|333|FESTIVO|585.0|450.0|15
618|334|MATUTINO|455.0|350.0|15
619|334|NOCTURNO|520.0|400.0|15
620|334|FESTIVO|585.0|450.0|15
621|335|MATUTINO|715.0|550.0|15
622|335|NOCTURNO|780.0|600.0|15
623|335|FESTIVO|845.0|650.0|15
624|336|MATUTINO|715.0|550.0|15
625|336|NOCTURNO|780.0|600.0|15
626|336|FESTIVO|845.0|650.0|15
627|337|MATUTINO|715.0|550.0|15
628|337|NOCTURNO|780.0|600.0|15
629|337|FESTIVO|845.0|650.0|15
630|338|MATUTINO|1560.0|1200.0|15
631|338|NOCTURNO|1625.0|1250.0|15
632|338|FESTIVO|1690.0|1300.0|15
633|339|MATUTINO|1560.0|1200.0|15
634|339|NOCTURNO|1625.0|1250.0|15
635|339|FESTIVO|1690.0|1300.0|15
636|340|MATUTINO|1820.0|1400.0|15
637|340|NOCTURNO|1885.0|1450.0|15
638|340|FESTIVO|1950.0|1500.0|15
639|341|MATUTINO|2080.0|1600.0|15
640|341|NOCTURNO|2145.0|1650.0|15
641|341|FESTIVO|2210.0|1700.0|15
642|342|MATUTINO|390.0|300.0|15
643|342|NOCTURNO|455.0|350.0|15
644|342|FESTIVO|520.0|400.0|15
645|343|MATUTINO|455.0|350.0|15
646|343|NOCTURNO|520.0|400.0|15
647|343|FESTIVO|585.0|450.0|15
648|344|MATUTINO|455.0|350.0|15
649|344|NOCTURNO|520.0|400.0|15
650|344|FESTIVO|585.0|450.0|15
651|345|MATUTINO|390.0|300.0|15
652|345|NOCTURNO|455.0|350.0|15
653|345|FESTIVO|520.0|400.0|15
654|346|MATUTINO|715.0|550.0|15
655|346|NOCTURNO|780.0|600.0|15
656|346|FESTIVO|845.0|650.0|15
657|347|MATUTINO|1105.0|850.0|15
658|347|NOCTURNO|1170.0|900.0|15
659|347|FESTIVO|1235.0|950.0|15
660|348|MATUTINO|390.0|300.0|15
661|348|NOCTURNO|455.0|350.0|15
662|348|FESTIVO|520.0|400.0|15
663|349|MATUTINO|390.0|300.0|15
664|349|NOCTURNO|455.0|350.0|15
665|349|FESTIVO|520.0|400.0|15
666|350|MATUTINO|650.0|500.0|15
667|350|NOCTURNO|715.0|550.0|15
668|350|FESTIVO|780.0|600.0|15
669|351|MATUTINO|390.0|300.0|15
670|351|NOCTURNO|455.0|350.0|15
671|351|FESTIVO|520.0|400.0|15
672|352|MATUTINO|2600.0|2000.0|15
673|352|NOCTURNO|2665.0|2050.0|15
674|352|FESTIVO|2730.0|2100.0|15
675|353|MATUTINO|390.0|300.0|15
676|353|NOCTURNO|455.0|350.0|15
677|353|FESTIVO|520.0|400.0|15
678|354|MATUTINO|390.0|300.0|15
679|354|NOCTURNO|455.0|350.0|15
680|354|FESTIVO|520.0|400.0|15
681|355|MATUTINO|715.0|550.0|15
682|355|NOCTURNO|780.0|600.0|15
683|355|FESTIVO|845.0|650.0|15
684|356|MATUTINO|390.0|300.0|15
685|356|NOCTURNO|455.0|350.0|15
686|356|FESTIVO|520.0|400.0|15
687|357|MATUTINO|650.0|500.0|15
688|357|NOCTURNO|715.0|550.0|15
689|357|FESTIVO|780.0|600.0|15
690|358|MATUTINO|650.0|500.0|15
691|358|NOCTURNO|715.0|550.0|15
692|358|FESTIVO|780.0|600.0|15
693|359|MATUTINO|845.0|650.0|15
694|359|NOCTURNO|910.0|700.0|15
695|359|FESTIVO|975.0|750.0|15
696|360|MATUTINO|455.0|350.0|15
697|360|NOCTURNO|520.0|400.0|15
698|360|FESTIVO|585.0|450.0|15
699|361|MATUTINO|390.0|300.0|15
700|361|NOCTURNO|455.0|350.0|15
701|361|FESTIVO|520.0|400.0|15
702|362|MATUTINO|390.0|300.0|15
703|362|NOCTURNO|455.0|350.0|15
704|362|FESTIVO|520.0|400.0|15
705|363|MATUTINO|650.0|500.0|15
706|363|NOCTURNO|715.0|550.0|15
707|363|FESTIVO|780.0|600.0|15
708|364|MATUTINO|390.0|300.0|15
709|364|NOCTURNO|455.0|350.0|15
710|364|FESTIVO|520.0|400.0|15
711|365|MATUTINO|390.0|300.0|15
712|365|NOCTURNO|455.0|350.0|15
713|365|FESTIVO|520.0|400.0|15
714|366|MATUTINO|390.0|300.0|15
715|366|NOCTURNO|455.0|350.0|15
716|366|FESTIVO|520.0|400.0|15
717|367|MATUTINO|650.0|500.0|15
718|367|NOCTURNO|715.0|550.0|15
719|367|FESTIVO|780.0|600.0|15
720|368|MATUTINO|975.0|750.0|15
721|368|NOCTURNO|1040.0|800.0|15
722|368|FESTIVO|1105.0|850.0|15
723|369|MATUTINO|650.0|500.0|15
724|369|NOCTURNO|715.0|550.0|15
725|369|FESTIVO|780.0|600.0|15
726|370|MATUTINO|390.0|300.0|15
727|370|NOCTURNO|455.0|350.0|15
728|370|FESTIVO|520.0|400.0|15
729|371|MATUTINO|650.0|500.0|15
730|371|NOCTURNO|715.0|550.0|15
731|371|FESTIVO|780.0|600.0|15
732|372|MATUTINO|650.0|500.0|15
733|372|NOCTURNO|715.0|550.0|15
734|372|FESTIVO|780.0|600.0|15
735|373|MATUTINO|975.0|750.0|15
736|373|NOCTURNO|1040.0|800.0|15
737|373|FESTIVO|1105.0|850.0|15
738|374|MATUTINO|975.0|750.0|15
739|374|NOCTURNO|1040.0|800.0|15
740|374|FESTIVO|1105.0|850.0|15
741|375|MATUTINO|1820.0|1400.0|15
742|375|NOCTURNO|1885.0|1450.0|15
743|375|FESTIVO|1950.0|1500.0|15
744|376|MATUTINO|390.0|300.0|15
745|376|NOCTURNO|455.0|350.0|15
746|376|FESTIVO|520.0|400.0|15
747|377|MATUTINO|390.0|300.0|15
748|377|NOCTURNO|455.0|350.0|15
749|377|FESTIVO|520.0|400.0|15
750|378|MATUTINO|650.0|500.0|15
751|378|NOCTURNO|715.0|550.0|15
752|378|FESTIVO|780.0|600.0|15
753|379|MATUTINO|650.0|500.0|15
754|379|NOCTURNO|715.0|550.0|15
755|379|FESTIVO|780.0|600.0|15
756|380|MATUTINO|845.0|650.0|15
757|380|NOCTURNO|910.0|700.0|15
758|380|FESTIVO|975.0|750.0|15
759|381|MATUTINO|390.0|300.0|15
760|381|NOCTURNO|455.0|350.0|15
761|381|FESTIVO|520.0|400.0|15
762|382|MATUTINO|455.0|350.0|15
763|382|NOCTURNO|520.0|400.0|15
764|382|FESTIVO|585.0|450.0|15
765|383|MATUTINO|455.0|350.0|15
766|383|NOCTURNO|520.0|400.0|15
767|383|FESTIVO|585.0|450.0|15
768|384|MATUTINO|455.0|350.0|15
769|384|NOCTURNO|520.0|400.0|15
770|384|FESTIVO|585.0|450.0|15
771|385|MATUTINO|390.0|300.0|15
772|385|NOCTURNO|455.0|350.0|15
773|385|FESTIVO|520.0|400.0|15
774|386|MATUTINO|390.0|300.0|15
775|386|NOCTURNO|455.0|350.0|15
776|386|FESTIVO|520.0|400.0|15
777|387|MATUTINO|390.0|300.0|15
778|387|NOCTURNO|455.0|350.0|15
779|387|FESTIVO|520.0|400.0|15
780|388|MATUTINO|650.0|500.0|15
781|388|NOCTURNO|715.0|550.0|15
782|388|FESTIVO|780.0|600.0|15
783|389|MATUTINO|975.0|750.0|15
784|389|NOCTURNO|1040.0|800.0|15
785|389|FESTIVO|1105.0|850.0|15
786|390|MATUTINO|650.0|500.0|15
787|390|NOCTURNO|715.0|550.0|15
788|390|FESTIVO|780.0|600.0|15
789|391|MATUTINO|650.0|500.0|15
790|391|NOCTURNO|715.0|550.0|15
791|391|FESTIVO|780.0|600.0|15
792|392|MATUTINO|390.0|300.0|15
793|392|NOCTURNO|455.0|350.0|15
794|392|FESTIVO|520.0|400.0|15
795|393|MATUTINO|390.0|300.0|15
796|393|NOCTURNO|455.0|350.0|15
797|393|FESTIVO|520.0|400.0|15
798|394|MATUTINO|650.0|500.0|15
799|394|NOCTURNO|715.0|550.0|15
800|394|FESTIVO|780.0|600.0|15
801|395|MATUTINO|650.0|500.0|15
802|395|NOCTURNO|715.0|550.0|15
803|395|FESTIVO|780.0|600.0|15
804|396|MATUTINO|455.0|350.0|15
805|396|NOCTURNO|520.0|400.0|15
806|396|FESTIVO|585.0|450.0|15
807|397|MATUTINO|975.0|750.0|15
808|397|NOCTURNO|1040.0|800.0|15
809|397|FESTIVO|1105.0|850.0|15
810|398|MATUTINO|1170.0|900.0|15
811|398|NOCTURNO|1235.0|950.0|15
812|398|FESTIVO|1300.0|1000.0|15
813|399|MATUTINO|2080.0|1600.0|15
814|399|NOCTURNO|2145.0|1650.0|15
815|399|FESTIVO|2210.0|1700.0|15
816|400|MATUTINO|520.0|400.0|15
817|400|NOCTURNO|585.0|450.0|15
818|400|FESTIVO|650.0|500.0|15
819|401|MATUTINO|650.0|500.0|15
820|401|NOCTURNO|715.0|550.0|15
821|401|FESTIVO|780.0|600.0|15
822|402|MATUTINO|1170.0|900.0|15
823|402|NOCTURNO|1235.0|950.0|15
824|402|FESTIVO|1300.0|1000.0|15
825|403|MATUTINO|390.0|300.0|15
826|403|NOCTURNO|455.0|350.0|15
827|403|FESTIVO|520.0|400.0|15
828|404|MATUTINO|455.0|350.0|15
829|404|NOCTURNO|520.0|400.0|15
830|404|FESTIVO|585.0|450.0|15
831|405|MATUTINO|390.0|300.0|15
832|405|NOCTURNO|455.0|350.0|15
833|405|FESTIVO|520.0|400.0|15
834|406|MATUTINO|650.0|500.0|15
835|406|NOCTURNO|715.0|550.0|15
836|406|FESTIVO|780.0|600.0|15
837|407|MATUTINO|455.0|350.0|15
838|407|NOCTURNO|520.0|400.0|15
839|407|FESTIVO|585.0|450.0|15
840|408|MATUTINO|455.0|350.0|15
841|408|NOCTURNO|520.0|400.0|15
842|408|FESTIVO|585.0|450.0|15
843|409|MATUTINO|650.0|500.0|15
844|409|NOCTURNO|715.0|550.0|15
845|409|FESTIVO|780.0|600.0|15
846|410|MATUTINO|845.0|650.0|15
847|410|NOCTURNO|910.0|700.0|15
848|410|FESTIVO|975.0|750.0|15
849|411|MATUTINO|650.0|500.0|15
850|411|NOCTURNO|715.0|550.0|15
851|411|FESTIVO|780.0|600.0|15
852|412|MATUTINO|975.0|750.0|15
853|412|NOCTURNO|1040.0|800.0|15
854|412|FESTIVO|1105.0|850.0|15
855|413|MATUTINO|520.0|400.0|15
856|413|NOCTURNO|585.0|450.0|15
857|413|FESTIVO|650.0|500.0|15
858|414|MATUTINO|780.0|600.0|15
859|414|NOCTURNO|845.0|650.0|15
860|414|FESTIVO|910.0|700.0|15
861|415|MATUTINO|520.0|400.0|15
862|415|NOCTURNO|585.0|450.0|15
863|415|FESTIVO|650.0|500.0|15
864|416|MATUTINO|520.0|400.0|15
865|416|NOCTURNO|585.0|450.0|15
866|416|FESTIVO|650.0|500.0|15
867|417|MATUTINO|520.0|400.0|15
868|417|NOCTURNO|585.0|450.0|15
869|417|FESTIVO|650.0|500.0|15
870|418|MATUTINO|910.0|700.0|15
871|418|NOCTURNO|975.0|750.0|15
872|418|FESTIVO|1040.0|800.0|15
873|419|MATUTINO|1105.0|850.0|15
874|419|NOCTURNO|1170.0|900.0|15
875|419|FESTIVO|1235.0|950.0|15
876|420|MATUTINO|390.0|300.0|15
877|420|NOCTURNO|455.0|350.0|15
878|420|FESTIVO|520.0|400.0|15
879|421|MATUTINO|390.0|300.0|15
880|421|NOCTURNO|455.0|350.0|15
881|421|FESTIVO|520.0|400.0|15
882|422|MATUTINO|650.0|500.0|15
883|422|NOCTURNO|715.0|550.0|15
884|422|FESTIVO|780.0|600.0|15
885|423|MATUTINO|845.0|650.0|15
886|423|NOCTURNO|910.0|700.0|15
887|423|FESTIVO|975.0|750.0|15
888|424|MATUTINO|78.0|60.0|15
889|424|NOCTURNO|78.0|60.0|15
890|424|FESTIVO|78.0|60.0|15
891|425|MATUTINO|130.0|100.0|15
892|425|NOCTURNO|130.0|100.0|15
893|425|FESTIVO|130.0|100.0|15
894|426|MATUTINO|260.0|200.0|15
895|426|NOCTURNO|260.0|200.0|15
896|426|FESTIVO|260.0|200.0|15
897|427|MATUTINO|2600.0|2000.0|15
898|427|NOCTURNO|2600.0|2000.0|15
899|427|FESTIVO|2600.0|2000.0|15
900|428|NORMAL|156.0|120.0|16
901|428|FESTIVO|312.0|240.0|16
902|429|NORMAL|104.0|80.0|16
903|429|FESTIVO|208.0|160.0|16
904|430|NORMAL|624.0|480.0|16
905|430|FESTIVO|1248.0|960.0|16
906|431|NORMAL|260.0|200.0|16
907|431|FESTIVO|520.0|400.0|16
908|432|NORMAL|104.0|80.0|16
909|432|FESTIVO|208.0|160.0|16
910|433|NORMAL|104.0|80.0|16
911|433|FESTIVO|208.0|160.0|16
912|434|NORMAL|208.0|160.0|16
913|434|FESTIVO|416.0|320.0|16
914|435|NORMAL|260.0|200.0|16
915|435|FESTIVO|520.0|400.0|16
916|436|NORMAL|104.0|80.0|16
917|436|FESTIVO|208.0|160.0|16
918|437|NORMAL|188.5|145.0|16
919|437|FESTIVO|377.0|290.0|16
920|438|NORMAL|364.0|280.0|16
921|438|FESTIVO|728.0|560.0|16
922|439|NORMAL|260.0|200.0|16
923|439|FESTIVO|520.0|400.0|16
924|440|NORMAL|260.0|200.0|16
925|440|FESTIVO|520.0|400.0|16
926|441|NORMAL|234.0|180.0|16
927|441|FESTIVO|468.0|360.0|16
928|442|NORMAL|208.0|160.0|16
929|442|FESTIVO|416.0|320.0|16
930|443|NORMAL|455.0|350.0|16
931|443|FESTIVO|910.0|700.0|16
932|444|NORMAL|104.0|80.0|16
933|444|FESTIVO|208.0|160.0|16
934|445|NORMAL|364.0|280.0|16
935|445|FESTIVO|728.0|560.0|16
936|446|NORMAL|520.0|400.0|16
937|446|FESTIVO|1040.0|800.0|16
938|447|NORMAL|455.0|350.0|16
939|447|FESTIVO|910.0|700.0|16
940|448|NORMAL|104.0|80.0|16
941|448|FESTIVO|208.0|160.0|16
942|449|NORMAL|104.0|80.0|16
943|449|FESTIVO|208.0|160.0|16
944|450|NORMAL|520.0|400.0|16
945|450|FESTIVO|1040.0|800.0|16
946|451|NORMAL|455.0|350.0|16
947|451|FESTIVO|910.0|700.0|16
948|452|NORMAL|104.0|80.0|16
949|452|FESTIVO|208.0|160.0|16
950|453|NORMAL|260.0|200.0|16
951|453|FESTIVO|520.0|400.0|16
952|454|NORMAL|455.0|350.0|16
953|454|FESTIVO|910.0|700.0|16
954|455|NORMAL|195.0|150.0|16
955|455|FESTIVO|390.0|300.0|16
956|456|NORMAL|520.0|400.0|16
957|456|FESTIVO|1040.0|800.0|16
958|457|NORMAL|455.0|350.0|16
959|457|FESTIVO|910.0|700.0|16
960|458|NORMAL|195.0|150.0|16
961|458|FESTIVO|390.0|300.0|16
962|459|NORMAL|156.0|120.0|16
963|459|FESTIVO|312.0|240.0|16
964|460|NORMAL|455.0|350.0|16
965|460|FESTIVO|910.0|700.0|16
966|461|NORMAL|104.0|80.0|16
967|461|FESTIVO|208.0|160.0|16
968|462|NORMAL|182.0|140.0|16
969|462|FESTIVO|364.0|280.0|16
970|463|NORMAL|455.0|350.0|16
971|463|FESTIVO|910.0|700.0|16
972|464|NORMAL|325.0|250.0|16
973|464|FESTIVO|650.0|500.0|16
974|465|NORMAL|104.0|80.0|16
975|465|FESTIVO|208.0|160.0|16
976|466|NORMAL|455.0|350.0|16
977|466|FESTIVO|910.0|700.0|16
978|467|NORMAL|208.0|160.0|16
979|467|FESTIVO|416.0|320.0|16
980|468|NORMAL|455.0|350.0|16
981|468|FESTIVO|910.0|700.0|16
982|469|NORMAL|494.0|380.0|16
983|469|FESTIVO|988.0|760.0|16
984|470|NORMAL|455.0|350.0|16
985|470|FESTIVO|910.0|700.0|16
986|471|NORMAL|520.0|400.0|16
987|471|FESTIVO|1040.0|800.0|16
988|472|NORMAL|455.0|350.0|16
989|472|FESTIVO|910.0|700.0|16
990|473|NORMAL|520.0|400.0|16
991|473|FESTIVO|1040.0|800.0|16
992|474|NORMAL|455.0|350.0|16
993|474|FESTIVO|910.0|700.0|16
994|475|NORMAL|520.0|400.0|16
995|475|FESTIVO|1040.0|800.0|16
996|476|NORMAL|780.0|600.0|16
997|476|FESTIVO|1560.0|1200.0|16
998|477|NORMAL|754.0|580.0|16
999|477|FESTIVO|1508.0|1160.0|16
1000|478|NORMAL|364.0|280.0|16
1001|478|FESTIVO|728.0|560.0|16
1002|479|NORMAL|455.0|350.0|16
1003|479|FESTIVO|910.0|700.0|16
1004|480|NORMAL|104.0|80.0|16
1005|480|FESTIVO|208.0|160.0|16
1006|481|NORMAL|455.0|350.0|16
1007|481|FESTIVO|910.0|700.0|16
1008|482|NORMAL|195.0|150.0|16
1009|482|FESTIVO|390.0|300.0|16
1010|483|NORMAL|455.0|350.0|16
1011|483|FESTIVO|910.0|700.0|16
1012|484|NORMAL|260.0|200.0|16
1013|484|FESTIVO|520.0|400.0|16
1014|485|NORMAL|975.0|750.0|16
1015|485|FESTIVO|1950.0|1500.0|16
1016|486|NORMAL|156.0|120.0|16
1017|486|FESTIVO|312.0|240.0|16
1018|487|NORMAL|104.0|80.0|16
1019|487|FESTIVO|208.0|160.0|16
1020|488|NORMAL|130.0|100.0|16
1021|488|FESTIVO|260.0|200.0|16
1022|489|NORMAL|104.0|80.0|16
1023|489|FESTIVO|208.0|160.0|16
1024|490|NORMAL|156.0|120.0|16
1025|490|FESTIVO|312.0|240.0|16
1026|491|NORMAL|676.0|520.0|16
1027|491|FESTIVO|1352.0|1040.0|16
1028|492|NORMAL|104.0|80.0|16
1029|492|FESTIVO|208.0|160.0|16
1030|493|NORMAL|104.0|80.0|16
1031|493|FESTIVO|208.0|160.0|16
1032|494|NORMAL|156.0|120.0|16
1033|494|FESTIVO|312.0|240.0|16
1034|495|NORMAL|910.0|700.0|16
1035|495|FESTIVO|1820.0|1400.0|16
1036|496|NORMAL|455.0|350.0|16
1037|496|FESTIVO|910.0|700.0|16
1038|497|NORMAL|104.0|80.0|16
1039|497|FESTIVO|208.0|160.0|16
1040|498|NORMAL|195.0|150.0|16
1041|498|FESTIVO|390.0|300.0|16
1042|499|NORMAL|260.0|200.0|16
1043|499|FESTIVO|520.0|400.0|16
1044|500|NORMAL|520.0|400.0|16
1045|500|FESTIVO|1040.0|800.0|16
1046|501|NORMAL|104.0|80.0|16
1047|501|FESTIVO|208.0|160.0|16
1048|502|NORMAL|130.0|100.0|16
1049|502|FESTIVO|260.0|200.0|16
1050|503|NORMAL|234.0|180.0|16
1051|503|FESTIVO|468.0|360.0|16
1052|504|NORMAL|130.0|100.0|16
1053|504|FESTIVO|260.0|200.0|16
1054|505|NORMAL|104.0|80.0|16
1055|505|FESTIVO|208.0|160.0|16
1056|506|NORMAL|286.0|220.0|16
1057|506|FESTIVO|572.0|440.0|16
1058|507|NORMAL|260.0|200.0|16
1059|507|FESTIVO|520.0|400.0|16
1060|508|NORMAL|156.0|120.0|16
1061|508|FESTIVO|312.0|240.0|16
1062|509|NORMAL|104.0|80.0|16
1063|509|FESTIVO|208.0|160.0|16
1064|510|NORMAL|624.0|480.0|16
1065|510|FESTIVO|1248.0|960.0|16
1066|511|NORMAL|234.0|180.0|16
1067|511|FESTIVO|468.0|360.0|16
1068|512|NORMAL|104.0|80.0|16
1069|512|FESTIVO|208.0|160.0|16
1070|513|NORMAL|156.0|120.0|16
1071|513|FESTIVO|312.0|240.0|16
1072|514|NORMAL|975.0|750.0|16
1073|514|FESTIVO|1950.0|1500.0|16
1074|515|NORMAL|260.0|200.0|16
1075|515|FESTIVO|520.0|400.0|16
1076|516|NORMAL|195.0|150.0|16
1077|516|FESTIVO|390.0|300.0|16
1078|517|NORMAL|156.0|120.0|16
1079|517|FESTIVO|312.0|240.0|16
1080|518|NORMAL|1105.0|850.0|16
1081|518|FESTIVO|2210.0|1700.0|16
1082|519|NORMAL|624.0|480.0|16
1083|519|FESTIVO|1248.0|960.0|16
1084|520|NORMAL|520.0|400.0|16
1085|520|FESTIVO|1040.0|800.0|16
1086|521|NORMAL|156.0|120.0|16
1087|521|FESTIVO|312.0|240.0|16
1088|522|NORMAL|1105.0|850.0|16
1089|522|FESTIVO|2210.0|1700.0|16
1090|523|NORMAL|676.0|520.0|16
1091|523|FESTIVO|1352.0|1040.0|16
1092|524|NORMAL|286.0|220.0|16
1093|524|FESTIVO|572.0|440.0|16
1094|525|NORMAL|975.0|750.0|16
1095|525|FESTIVO|1950.0|1500.0|16
1096|526|NORMAL|676.0|520.0|16
1097|526|FESTIVO|1352.0|1040.0|16
1098|527|NORMAL|234.0|180.0|16
1099|527|FESTIVO|468.0|360.0|16
1100|528|NORMAL|1560.0|1200.0|16
1101|528|FESTIVO|3120.0|2400.0|16
1102|529|NORMAL|1105.0|850.0|16
1103|529|FESTIVO|2210.0|1700.0|16
1104|530|NORMAL|156.0|120.0|16
1105|530|FESTIVO|312.0|240.0|16
1106|531|NORMAL|260.0|200.0|16
1107|531|FESTIVO|520.0|400.0|16
1108|532|NORMAL|156.0|120.0|16
1109|532|FESTIVO|312.0|240.0|16
1110|533|NORMAL|260.0|200.0|16
1111|533|FESTIVO|520.0|400.0|16
1112|534|NORMAL|156.0|120.0|16
1113|534|FESTIVO|312.0|240.0|16
1114|535|NORMAL|260.0|200.0|16
1115|535|FESTIVO|520.0|400.0|16
1116|536|NORMAL|195.0|150.0|16
1117|536|FESTIVO|390.0|300.0|16
1118|537|NORMAL|260.0|200.0|16
1119|537|FESTIVO|520.0|400.0|16
1120|538|NORMAL|195.0|150.0|16
1121|538|FESTIVO|390.0|300.0|16
1122|539|NORMAL|260.0|200.0|16
1123|539|FESTIVO|520.0|400.0|16
1124|540|NORMAL|182.0|140.0|16
1125|540|FESTIVO|364.0|280.0|16
1126|541|NORMAL|286.0|220.0|16
1127|541|FESTIVO|572.0|440.0|16
1128|542|NORMAL|104.0|80.0|16
1129|542|FESTIVO|208.0|160.0|16
1130|543|NORMAL|455.0|350.0|16
1131|543|FESTIVO|910.0|700.0|16
1132|544|NORMAL|104.0|80.0|16
1133|544|FESTIVO|208.0|160.0|16
1134|545|NORMAL|325.0|250.0|16
1135|545|FESTIVO|650.0|500.0|16
1136|546|NORMAL|234.0|180.0|16
1137|546|FESTIVO|468.0|360.0|16
1138|547|NORMAL|325.0|250.0|16
1139|547|FESTIVO|650.0|500.0|16
1140|548|NORMAL|286.0|220.0|16
1141|548|FESTIVO|572.0|440.0|16
1142|549|NORMAL|455.0|350.0|16
1143|549|FESTIVO|910.0|700.0|16
1144|550|NORMAL|234.0|180.0|16
1145|550|FESTIVO|468.0|360.0|16
1146|551|NORMAL|325.0|250.0|16
1147|551|FESTIVO|650.0|500.0|16
1148|552|NORMAL|286.0|220.0|16
1149|552|FESTIVO|572.0|440.0|16
1150|553|NORMAL|325.0|250.0|16
1151|553|FESTIVO|650.0|500.0|16
1152|554|NORMAL|455.0|350.0|16
1153|554|FESTIVO|910.0|700.0|16
1154|555|NORMAL|390.0|300.0|16
1155|555|FESTIVO|780.0|600.0|16
1156|556|NORMAL|845.0|650.0|16
1157|556|FESTIVO|1690.0|1300.0|16
1158|557|NORMAL|455.0|350.0|16
1159|557|FESTIVO|910.0|700.0|16
1160|558|NORMAL|234.0|180.0|16
1161|558|FESTIVO|468.0|360.0|16
1162|559|NORMAL|845.0|650.0|16
1163|559|FESTIVO|1690.0|1300.0|16
1164|560|NORMAL|286.0|220.0|16
1165|560|FESTIVO|572.0|440.0|16
1166|561|NORMAL|715.0|550.0|16
1167|561|FESTIVO|1430.0|1100.0|16
1168|562|NORMAL|364.0|280.0|16
1169|562|FESTIVO|728.0|560.0|16
1170|563|NORMAL|676.0|520.0|16
1171|563|FESTIVO|1352.0|1040.0|16
1172|564|NORMAL|364.0|280.0|16
1173|564|FESTIVO|728.0|560.0|16
1174|565|NORMAL|455.0|350.0|16
1175|565|FESTIVO|910.0|700.0|16
1176|566|NORMAL|286.0|220.0|16
1177|566|FESTIVO|572.0|440.0|16
1178|567|NORMAL|546.0|420.0|16
1179|567|FESTIVO|1092.0|840.0|16
1180|568|NORMAL|325.0|250.0|16
1181|568|FESTIVO|650.0|500.0|16
1182|569|NORMAL|624.0|480.0|16
1183|569|FESTIVO|1248.0|960.0|16
1184|570|NORMAL|390.0|300.0|16
1185|570|FESTIVO|780.0|600.0|16
1186|571|NORMAL|455.0|350.0|16
1187|571|FESTIVO|910.0|700.0|16
1188|572|NORMAL|546.0|420.0|16
1189|572|FESTIVO|1092.0|840.0|16
1190|573|NORMAL|1430.0|1100.0|16
1191|573|FESTIVO|2860.0|2200.0|16
1192|574|NORMAL|117.0|90.0|16
1193|574|FESTIVO|234.0|180.0|16
1194|575|NORMAL|624.0|480.0|16
1195|575|FESTIVO|1248.0|960.0|16
1196|576|NORMAL|117.0|90.0|16
1197|576|FESTIVO|234.0|180.0|16
1198|577|NORMAL|676.0|520.0|16
1199|577|FESTIVO|1352.0|1040.0|16
1200|578|NORMAL|117.0|90.0|16
1201|578|FESTIVO|234.0|180.0|16
1202|579|NORMAL|975.0|750.0|16
1203|579|FESTIVO|1950.0|1500.0|16
1204|580|NORMAL|117.0|90.0|16
1205|580|FESTIVO|234.0|180.0|16
1206|581|NORMAL|845.0|650.0|16
1207|581|FESTIVO|1690.0|1300.0|16
1208|582|NORMAL|117.0|90.0|16
1209|582|FESTIVO|234.0|180.0|16
1210|583|NORMAL|325.0|250.0|16
1211|583|FESTIVO|650.0|500.0|16
1212|584|NORMAL|117.0|90.0|16
1213|584|FESTIVO|234.0|180.0|16
1214|585|NORMAL|364.0|280.0|16
1215|585|FESTIVO|728.0|560.0|16
1216|586|NORMAL|975.0|750.0|16
1217|586|FESTIVO|1950.0|1500.0|16
1218|587|NORMAL|624.0|480.0|16
1219|587|FESTIVO|1248.0|960.0|16
1220|588|NORMAL|845.0|650.0|16
1221|588|FESTIVO|1690.0|1300.0|16
1222|589|NORMAL|455.0|350.0|16
1223|589|FESTIVO|910.0|700.0|16
1224|590|NORMAL|325.0|250.0|16
1225|590|FESTIVO|650.0|500.0|16
1226|591|NORMAL|455.0|350.0|16
1227|591|FESTIVO|910.0|700.0|16
1228|592|NORMAL|364.0|280.0|16
1229|592|FESTIVO|728.0|560.0|16
1230|593|NORMAL|546.0|420.0|16
1231|593|FESTIVO|1092.0|840.0|16
1232|594|NORMAL|455.0|350.0|16
1233|594|FESTIVO|910.0|700.0|16
1234|595|NORMAL|546.0|420.0|16
1235|595|FESTIVO|1092.0|840.0|16
1236|596|NORMAL|416.0|320.0|16
1237|596|FESTIVO|832.0|640.0|16
1238|597|NORMAL|546.0|420.0|16
1239|597|FESTIVO|1092.0|840.0|16
1240|598|NORMAL|104.0|80.0|16
1241|598|FESTIVO|208.0|160.0|16
1242|599|NORMAL|624.0|480.0|16
1243|599|FESTIVO|1248.0|960.0|16
1244|600|NORMAL|195.0|150.0|16
1245|600|FESTIVO|390.0|300.0|16
1246|601|NORMAL|585.0|450.0|16
1247|601|FESTIVO|1170.0|900.0|16
1248|602|NORMAL|325.0|250.0|16
1249|602|FESTIVO|650.0|500.0|16
1250|603|NORMAL|325.0|250.0|16
1251|603|FESTIVO|650.0|500.0|16
1252|604|NORMAL|325.0|250.0|16
1253|604|FESTIVO|650.0|500.0|16
1254|605|NORMAL|455.0|350.0|16
1255|605|FESTIVO|910.0|700.0|16
1256|606|NORMAL|156.0|120.0|16
1257|606|FESTIVO|312.0|240.0|16
1258|607|NORMAL|546.0|420.0|16
1259|607|FESTIVO|1092.0|840.0|16
1260|608|NORMAL|130.0|100.0|16
1261|608|FESTIVO|260.0|200.0|16
1262|609|NORMAL|390.0|300.0|16
1263|609|FESTIVO|780.0|600.0|16
1264|610|NORMAL|130.0|100.0|16
1265|610|FESTIVO|260.0|200.0|16
1266|611|NORMAL|234.0|180.0|16
1267|611|FESTIVO|468.0|360.0|16
1268|612|NORMAL|130.0|100.0|16
1269|612|FESTIVO|260.0|200.0|16
1270|613|NORMAL|286.0|220.0|16
1271|613|FESTIVO|572.0|440.0|16
1272|614|NORMAL|130.0|100.0|16
1273|614|FESTIVO|260.0|200.0|16
1274|615|NORMAL|364.0|280.0|16
1275|615|FESTIVO|728.0|560.0|16
1276|616|NORMAL|130.0|100.0|16
1277|616|FESTIVO|260.0|200.0|16
1278|617|NORMAL|845.0|650.0|16
1279|617|FESTIVO|1690.0|1300.0|16
1280|618|NORMAL|130.0|100.0|16
1281|618|FESTIVO|260.0|200.0|16
1282|619|NORMAL|1235.0|950.0|16
1283|619|FESTIVO|2470.0|1900.0|16
1284|620|NORMAL|104.0|80.0|16
1285|620|FESTIVO|208.0|160.0|16
1286|621|NORMAL|416.0|320.0|16
1287|621|FESTIVO|832.0|640.0|16
1288|622|NORMAL|455.0|350.0|16
1289|622|FESTIVO|910.0|700.0|16
1290|623|NORMAL|585.0|450.0|16
1291|623|FESTIVO|1170.0|900.0|16
1292|624|NORMAL|455.0|350.0|16
1293|624|FESTIVO|910.0|700.0|16
1294|625|NORMAL|624.0|480.0|16
1295|625|FESTIVO|1248.0|960.0|16
1296|626|NORMAL|364.0|280.0|16
1297|626|FESTIVO|728.0|560.0|16
1298|627|NORMAL|715.0|550.0|16
1299|627|FESTIVO|1430.0|1100.0|16
1300|628|NORMAL|494.0|380.0|16
1301|628|FESTIVO|988.0|760.0|16
1302|629|NORMAL|455.0|350.0|16
1303|629|FESTIVO|910.0|700.0|16
1304|630|NORMAL|494.0|380.0|16
1305|630|FESTIVO|988.0|760.0|16
1306|631|NORMAL|585.0|450.0|16
1307|631|FESTIVO|1170.0|900.0|16
1308|632|NORMAL|494.0|380.0|16
1309|632|FESTIVO|988.0|760.0|16
1310|633|NORMAL|1105.0|850.0|16
1311|633|FESTIVO|2210.0|1700.0|16
1312|634|NORMAL|585.0|450.0|16
1313|634|FESTIVO|1170.0|900.0|16
1314|635|NORMAL|1235.0|950.0|16
1315|635|FESTIVO|2470.0|1900.0|16
1316|636|NORMAL|624.0|480.0|16
1317|636|FESTIVO|1248.0|960.0|16
1318|637|NORMAL|1820.0|1400.0|16
1319|637|FESTIVO|3640.0|2800.0|16
1320|638|NORMAL|455.0|350.0|16
1321|638|FESTIVO|910.0|700.0|16
1322|639|NORMAL|455.0|350.0|16
1323|639|FESTIVO|910.0|700.0|16
1324|640|NORMAL|455.0|350.0|16
1325|640|FESTIVO|910.0|700.0|16
1326|641|NORMAL|325.0|250.0|16
1327|641|FESTIVO|650.0|500.0|16
1328|642|NORMAL|845.0|650.0|16
1329|642|FESTIVO|1690.0|1300.0|16
1330|643|NORMAL|624.0|480.0|16
1331|643|FESTIVO|1248.0|960.0|16
1332|644|NORMAL|624.0|480.0|16
1333|644|FESTIVO|1248.0|960.0|16
1334|645|NORMAL|11050.0|8500.0|16
1335|645|FESTIVO|22100.0|17000.0|16
1336|646|NORMAL|676.0|520.0|16
1337|646|FESTIVO|1352.0|1040.0|16
1338|647|NORMAL|2340.0|1800.0|16
1339|647|FESTIVO|4680.0|3600.0|16
1340|648|NORMAL|715.0|550.0|16
1341|648|FESTIVO|1430.0|1100.0|16
1342|649|NORMAL|4940.0|3800.0|16
1343|649|FESTIVO|9880.0|7600.0|16
1344|650|NORMAL|2080.0|1600.0|16
1345|650|FESTIVO|4160.0|3200.0|16
1346|651|NORMAL|4940.0|3800.0|16
1347|651|FESTIVO|9880.0|7600.0|16
1348|652|NORMAL|624.0|480.0|16
1349|652|FESTIVO|1248.0|960.0|16
1350|653|NORMAL|4940.0|3800.0|16
1351|653|FESTIVO|9880.0|7600.0|16
1352|654|NORMAL|845.0|650.0|16
1353|654|FESTIVO|1690.0|1300.0|16
1354|655|NORMAL|845.0|650.0|16
1355|655|FESTIVO|1690.0|1300.0|16
1356|656|NORMAL|2340.0|1800.0|16
1357|656|FESTIVO|4680.0|3600.0|16
1358|657|NORMAL|605.0|0|13
1359|657|SABADO_TARDE_DOMINGO_FESTIVO|1210.0|0|13
1360|658|NORMAL|880.0|0|13
1361|658|SABADO_TARDE_DOMINGO_FESTIVO|1760.0|0|13
1362|659|NORMAL|715.0|0|13
1363|659|SABADO_TARDE_DOMINGO_FESTIVO|1430.0|0|13
1364|660|NORMAL|605.0|0|13
1365|660|SABADO_TARDE_DOMINGO_FESTIVO|1210.0|0|13
1366|661|NORMAL|440.0|0|13
1367|661|SABADO_TARDE_DOMINGO_FESTIVO|880.0|0|13
1368|662|NORMAL|605.0|0|13
1369|662|SABADO_TARDE_DOMINGO_FESTIVO|1210.0|0|13
1370|663|NORMAL|605.0|0|13
1371|663|SABADO_TARDE_DOMINGO_FESTIVO|1210.0|0|13
1372|664|NORMAL|440.0|0|13
1373|664|SABADO_TARDE_DOMINGO_FESTIVO|880.0|0|13
1374|665|NORMAL|605.0|0|13
1375|665|SABADO_TARDE_DOMINGO_FESTIVO|1210.0|0|13
1376|666|NORMAL|440.0|0|13
1377|666|SABADO_TARDE_DOMINGO_FESTIVO|880.0|0|13
1378|667|NORMAL|440.0|0|13
1379|667|SABADO_TARDE_DOMINGO_FESTIVO|880.0|0|13
1380|668|NORMAL|660.0|0|13
1381|668|SABADO_TARDE_DOMINGO_FESTIVO|1320.0|0|13
1382|669|NORMAL|440.0|0|13
1383|669|SABADO_TARDE_DOMINGO_FESTIVO|880.0|0|13
1384|670|NORMAL|440.0|0|13
1385|670|SABADO_TARDE_DOMINGO_FESTIVO|880.0|0|13
1386|671|NORMAL|605.0|0|13
1387|671|SABADO_TARDE_DOMINGO_FESTIVO|1210.0|0|13
1388|672|NORMAL|880.0|0|13
1389|672|SABADO_TARDE_DOMINGO_FESTIVO|1760.0|0|13
1390|673|NORMAL|605.0|0|13
1391|673|SABADO_TARDE_DOMINGO_FESTIVO|1210.0|0|13
1392|674|NORMAL|605.0|0|13
1393|674|SABADO_TARDE_DOMINGO_FESTIVO|1210.0|0|13
1394|675|NORMAL|605.0|0|13
1395|675|SABADO_TARDE_DOMINGO_FESTIVO|1210.0|0|13
1396|676|NORMAL|605.0|0|13
1397|676|SABADO_TARDE_DOMINGO_FESTIVO|1210.0|0|13
1398|677|NORMAL|1980.0|0|13
1399|677|SABADO_TARDE_DOMINGO_FESTIVO|3960.0|0|13
1400|678|NORMAL|1980.0|0|13
1401|678|SABADO_TARDE_DOMINGO_FESTIVO|3960.0|0|13
1402|679|NORMAL|1980.0|0|13
1403|679|SABADO_TARDE_DOMINGO_FESTIVO|3960.0|0|13
1404|680|NORMAL|1980.0|0|13
1405|680|SABADO_TARDE_DOMINGO_FESTIVO|3960.0|0|13
1406|681|NORMAL|1980.0|0|13
1407|681|SABADO_TARDE_DOMINGO_FESTIVO|3960.0|0|13
1408|682|NORMAL|1320.0|0|13
1409|682|SABADO_TARDE_DOMINGO_FESTIVO|2640.0|0|13
1410|683|PAQUETE_TODO_INCLUIDO|24000.0|0|17
1411|683|PAQUETE_SOLO_CLINICA|11000.0|0|17
1412|684|PAQUETE_TODO_INCLUIDO|26100.0|0|17
1413|684|PAQUETE_SOLO_CLINICA|11700.0|0|17
1414|685|PAQUETE_TODO_INCLUIDO|22000.0|0|17
1415|685|PAQUETE_SOLO_CLINICA|9000.0|0|17
1416|686|PAQUETE_TODO_INCLUIDO|18500.0|0|17
1417|686|PAQUETE_SOLO_CLINICA|8800.0|0|17
1418|687|PAQUETE_TODO_INCLUIDO|32000.0|0|17
1419|687|PAQUETE_SOLO_CLINICA|9200.0|0|17
1420|688|PAQUETE_TODO_INCLUIDO|28000.0|0|17
1421|688|PAQUETE_SOLO_CLINICA|8700.0|0|17
1422|689|PAQUETE_TODO_INCLUIDO|25000.0|0|17
1423|689|PAQUETE_SOLO_CLINICA|8800.0|0|17
1424|690|PAQUETE_TODO_INCLUIDO|19500.0|0|17
1425|690|PAQUETE_SOLO_CLINICA|9700.0|0|17
1426|691|PAQUETE_TODO_INCLUIDO|32000.0|0|17
1427|691|PAQUETE_SOLO_CLINICA|9500.0|0|17
1428|692|PAQUETE_TODO_INCLUIDO|9700.0|0|17
1429|692|PAQUETE_SOLO_CLINICA|10500.0|0|17
1430|693|PAQUETE_SOLO_CLINICA|11500.0|0|17
1431|694|PAQUETE_SOLO_CLINICA|11500.0|0|17
1432|695|PAQUETE_SOLO_CLINICA|8500.0|0|17
1433|696|PAQUETE_SOLO_CLINICA|4400.0|0|17
1434|697|PAQUETE_SOLO_CLINICA|10500.0|0|17
1435|698|PAQUETE_SOLO_CLINICA|4500.0|0|17
1436|699|PAQUETE_SOLO_CLINICA|2500.0|0|17
1437|700|PAQUETE_SOLO_CLINICA|9500.0|0|17
1438|701|PAQUETE_SOLO_CLINICA|11000.0|0|17
1439|702|NORMAL|220.0|150.0|18
1440|703|NORMAL|300.0|200.0|18
1441|704|NORMAL|730.0|500.0|18
1442|705|NORMAL|1300.0|800.0|18
1443|706|NORMAL|1500.0|1000.0|18
1444|707|NORMAL|1800.0|1200.0|18
1445|708|NORMAL|1950.0|1500.0|19
1446|709|NORMAL|1950.0|1500.0|19
1447|710|NORMAL|1950.0|1500.0|19
1448|711|NORMAL|1040.0|800.0|19
1449|712|NORMAL|1040.0|800.0|19
1450|713|NORMAL|1950.0|1500.0|19
1451|714|NORMAL|1950.0|1500.0|19
1452|715|NORMAL|1950.0|1500.0|19
1453|716|NORMAL|1040.0|800.0|19
1454|717|NORMAL|1040.0|800.0|19
1455|718|NORMAL|1950.0|1500.0|19
1456|719|NORMAL|1950.0|1500.0|19
1457|720|NORMAL|1040.0|800.0|19
1458|721|NORMAL|1040.0|800.0|19
1459|722|NORMAL|1040.0|800.0|19
1460|723|NORMAL|1950.0|1500.0|19
1461|724|NORMAL|1950.0|1500.0|19
1462|725|NORMAL|1040.0|800.0|19
1463|726|NORMAL|1040.0|800.0|19
1464|727|NORMAL|1040.0|800.0|19
1465|728|NORMAL|1040.0|800.0|19
1466|729|NORMAL|1040.0|800.0|19
1467|730|NORMAL|1040.0|800.0|19
1468|731|NORMAL|1040.0|800.0|19
1469|732|NORMAL|1040.0|800.0|19
1470|733|NORMAL|1040.0|800.0|19
1471|734|NORMAL|1950.0|1500.0|19
1472|735|NORMAL|2340.0|1800.0|19
1473|736|NORMAL|1950.0|1500.0|19
1474|737|NORMAL|1950.0|1500.0|19
1475|738|NORMAL|1040.0|800.0|19
1476|739|NORMAL|1040.0|800.0|19
1477|740|NORMAL|1040.0|800.0|19
1478|741|NORMAL|1950.0|1500.0|19
1479|742|NORMAL|2340.0|1800.0|19
1480|743|NORMAL|1950.0|1500.0|19
1481|744|NORMAL|1950.0|1500.0|19
1482|745|NORMAL|2340.0|1800.0|19
1483|746|NORMAL|1950.0|1500.0|19
1484|747|NORMAL|1040.0|800.0|19
1485|748|NORMAL|2340.0|1800.0|19
1486|749|NORMAL|1950.0|1500.0|19
1487|750|NORMAL|2340.0|1800.0|19
